1585043231
1585043638
1585044039
1585044406
1585044808
1585045201
1585045590
1585046002
1585046347
1585046743
1585047135
1585047539
1585047994
1585048385
1585048779
1585049165
1585049540
1585049929
1585050318
1585050713
1585051096
1585051686
1585052060
1585052447
1585052838
1585053231
1585053621
1585054009
1585054414
1585054812
1585055208
1585055592
1585055964
1585056374
1585056749
1585057134
1585057524
1585057914
1585058302
1585058799
1585059198
1585059567
1585059956
1585060356
1585060743
1585061142
1585061514
1585061915
1585062402
1585062783
1585063176
1585063560
1585063953
1585064352
1585064731
1585065127
1585065500
